E	100M	50M	50Mmin min10K
0.001	0.33	0.00	0.36	0
0.002	0.41	0.00	0.42	0.00
0.003	0.43	0.04	0.44	0.01
0.004	0.45	0.04	0.46	0.04
0.005	0.46	0.08	0.46	0.05
0.006	0.46	0.11	0.46	0.10
0.007	0.47	0.12	0.47	0.12
0.008	0.47	0.16	0.48	0.14
0.009	0.48	0.20	0.47	0.19
0.010	0.48	0.20	0.47	0.21
0.011	0.48	0.25	0.48	0.23
0.012	0.47	0.25	0.48	0.22
0.013	0.48	0.26	0.48	0.24
0.014	0.47	0.29	0.48	0.25
0.015	0.48	0.31	0.48	0.27
0.016	0.48	0.29	0.48	0.27
0.017	0.48	0.31	0.48	0.30
0.018	0.48	0.32	0.49	0.29
0.019	0.48	0.31	0.49	0.30
0.020	0.48	0.31	0.48	0.31
